# 	 position 	 1deletion 	 2deletion 	 3deletion 	 4deletion 	 5to10deletions 
-1	0.18687601355923694	0.1721561891090653	0.15026368196241346	0.17604158938309927	0.2885528896303936
0	0.22577531279980967	0.3135719091058263	0.34841189107116083	0.39986983655903496	0.4304734241666069
1	0.2279791087825089	0.28994243251483864	0.35277864277958776	0.3308315944032818	0.4553241016140925
2	0.2520595403399244	0.2837089004189569	0.33494756590244135	0.35066892649106096	0.5106962302660322
3	0.252932890804194	0.3148509495176086	0.2646246540757969	0.3355874044649796	0.44105532224622646
4	0.2459371282694818	0.2749420457945061	0.3102415586775418	0.3054153897947815	0.4239760367865788
5	0.2546272563668215	0.2889477649487271	0.27689945270487193	0.3296066325783586	0.4072295918463367
6	0.2419953312073298	0.2606781000400591	0.2909854198389691	0.36898402471991326	0.3804593696084293
7	0.23265670808898065	0.2914901497458073	0.2866125946872827	0.32249740821190737	0.3951058637260969
8	0.2136114207076432	0.2241359968019352	0.2787706569336233	0.29613646282587974	0.4446032713578642
9	0.23567199526903393	0.2486038877898831	0.22302830383739589	0.305529428635075	0.3583906688245218
10	0.22322707819128587	0.23417183271442812	0.2394239332448227	0.2913565837002611	0.38450754822475086
11	0.22166639800949375	0.20452918416524243	0.21493590087255	0.36567496217121537	0.2877990817850922
12	0.19719433804472888	0.22193854817440745	0.22707671159790246	0.29308205178968966	0.3134607534591956
13	0.1817699390868576	0.27692359846598374	0.2281639778214827	0.3141838764857056	0.2962346852019459
14	0.18654366689235574	0.20734986909541828	0.23980986482681474	0.2682852324959938	0.35973408662502526
15	0.20889213680893168	0.2278682235250541	0.19934181429214495	0.29526963391991723	0.3764413096122742
16	0.20104432041911907	0.2502704419878357	0.2650407906131378	0.22155808213049816	0.29902950192843347
17	0.19779200387859558	0.17515984869002035	0.22762623951334554	0.2639238506378155	0.303417906027604
18	0.1859805267567958	0.2089166674786563	0.1904561951254293	0.3264587514461238	0.28956820765439617
19	0.2126357632378492	0.20976651682836936	0.21195118375226957	0.23118276668946003	0.25884147040611477
20	0.22053948171104126	0.20538027222742142	0.24233100998049645	0.2551639893375782	0.32994198370427735
21	0.18134005993555385	0.2796893243100994	0.21400678176964327	0.2464649724018961	0.3579919491807087
22	0.18826341529523463	0.2136097782966688	0.23236647025026277	0.2512375713910254	0.4188711085000808
23	0.19245879996975954	0.21987854158126058	0.1978943904655044	0.24778061203466692	0.2857351776571414
24	0.14564427449697415	0.20156400023784662	0.24950171398339255	0.1789702728560444	0.3225223925194281
25	0.2203041771341517	0.2499572245279689	0.20122036935330911	0.2142205924159235	0.29698283095368255
26	0.1955681830979605	0.2490380052212851	0.23132436179456115	0.2610551946224879	0.2950671924656077
27	0.18634740852917336	0.21506109329501197	0.2429834004593148	0.1995650874018006	0.2601621898235144
28	0.15415105115620606	0.21765827905786006	0.17157104727362477	0.21209972924117293	0.300742296688
29	0.1991133922719608	0.17244997879334029	0.17097142438987176	0.29403039638490497	0.30872165292681913
30	0.1769241322151841	0.20354847648001584	0.24337246033714352	0.2358301442292546	0.29564819518459623
31	0.13801978569102924	0.19405516566648007	0.26455380010473156	0.279129569508039	0.2986014566194999
32	0.17799148045265675	0.182401194497983	0.18493318347849683	0.2694838258144167	0.3357585549570549
33	0.14489905828470231	0.27684188289201306	0.2484462256855269	0.2317851101449288	0.2281833963012799
34	0.16241182463223613	0.24792513003673936	0.21811477318324043	0.26275536439333097	0.2357395759155552
35	0.19024590128585459	0.253293888971536	0.21661548146039566	0.268984482960828	0.2650517787158827
36	0.15107321314236394	0.1883003616174331	0.24780251551492238	0.2766302927241988	0.32616034815103406
37	0.1942079385642765	0.216059155074937	0.18497523683623718	0.3537837690059916	0.2977515729670863
38	0.17472171914448043	0.22688983253019146	0.24324773105336311	0.233194030002944	0.28545292283742246
39	0.1967724158162911	0.19963256848929933	0.23418357927374747	0.23386746441575	0.27044410388899176
40	0.17714294623274648	0.2040119154334161	0.2819181417001039	0.2375993910220448	0.2433028412396434
41	0.18352377759493982	0.19165579254807658	0.24403084135573128	0.25694718469001315	0.2690334815624755
42	0.16995053947612168	0.1854236345542844	0.30781595843714143	0.22832287980472205	0.2833617193900083
43	0.1656945127206521	0.17487881484382103	0.20135057958621821	0.20976956284911155	0.20761116773458294
