# position global 1dels 2dels 3dels 4dels 5dels 10dels 15dels 20dels 25dels 30dels 35dels 40dels 45dels 50dels
101 2.9108201234160718 1.3130813283249914 1.6661158570217793 2.051983172266367 2.2685776597916365 2.4360763042058444 2.931498711728461 3.0707964569305934 3.2375866380660736 3.2983410182783555 3.549785246631309 3.7446607883701093 3.673382846621383 3.6907585291671023 3.802974573931363 
102 2.6025443175709446 1.08449096910631 1.396143957397068 1.7305837334991343 1.9867278366660603 2.1016435098661836 2.56380790518538 2.7578354977012203 2.937807871041709 2.977757705000178 3.279175845358903 3.4034757524290016 3.344918210413236 3.4001419382731553 3.460349107778539 
103 2.4096317283470996 0.9365109478170308 1.2863005811015658 1.522536260860238 1.7569895633555845 1.9061185351952052 2.3670329447218075 2.614153924837677 2.7322859133047244 2.817310820705462 3.0765810408789713 3.1148301628886363 3.125958340018241 3.227272292310053 3.241948240250356 
104 2.239024960620014 0.8319697624416325 1.1123641030207583 1.3685197874165502 1.556305294560819 1.707395846573433 2.1795239673846356 2.4864890248035105 2.5581746917778614 2.651779798962119 2.8932502281586183 2.9282144410077144 2.969725279845739 3.0412769425617183 3.0539719494015647 
105 2.0728960219300787 0.8037657486706998 0.9966266927787961 1.2357940396611766 1.416403156934089 1.5140925453808458 2.023162435385408 2.2784666646818836 2.3397133413644466 2.482371734503999 2.705077004468331 2.7570068114378516 2.8016489811131113 2.790191345403922 2.870776413035334 
106 1.9754639708178057 0.7626736058607415 0.9563901446178209 1.172727674007957 1.3285494474126867 1.442118425669495 1.927888020442228 2.1817967700381713 2.247986429230557 2.372898900310507 2.5683180897198974 2.650242770552947 2.6710125304803136 2.642732015347288 2.7255534916049107 
107 1.939989311279892 0.7437493979036445 0.9780559275273899 1.1753176290556562 1.3314879706351792 1.45160479192194 1.8869538290436034 2.1275590653159324 2.243499711275568 2.2885604744452968 2.4424774457583354 2.593777733559826 2.6143753841379573 2.595355303341358 2.680903827533496 
108 1.8858328599714393 0.7075807663432043 0.9596447920646484 1.1307497003574876 1.3057012196714823 1.41286957767058 1.8197765737594433 2.0400602871973077 2.169180566668872 2.2111092821187586 2.3887429889863263 2.5401813214611955 2.547303158631738 2.5684028099405434 2.5938470543458836 
109 1.822792831452281 0.6764747522751193 0.9338775196866395 1.0812608224586995 1.2468394153831737 1.3637432941661825 1.7605195167924939 1.944217975676093 2.118858371106306 2.11667733911268 2.3150282121434125 2.438973006047966 2.4599455291171215 2.5396492305252703 2.518794832466922 
110 1.7594236529263854 0.6386902812841635 0.9006612038293828 1.0642084753615342 1.2074858578773116 1.300698714390595 1.6746672995912735 1.857204129911021 2.016576062436472 2.0586044067179152 2.2674827427544946 2.340882834273656 2.3529939099547135 2.4822517438727982 2.4657372110083866 
111 1.7010683103328392 0.6103331460618365 0.8571821608636513 1.0279535819032273 1.1510333601282843 1.248404780702328 1.5910591013993518 1.7910278523130332 1.971421054186983 2.0151234959207245 2.2125754306210155 2.2289369126813745 2.2800974819354876 2.388529746530676 2.4384659312803936 
112 1.6458919292029108 0.5889430521790684 0.8103213913035965 0.989613738440097 1.1128822273147778 1.2131788322412576 1.521522419808857 1.758281713723932 1.9196059863923236 1.9399297180641546 2.118194480243891 2.14184849833011 2.2154792703190402 2.3248286777664084 2.384930381592227 
113 1.599920348512852 0.5890868076972855 0.7673594790800264 0.9617032476636883 1.0585989872380872 1.1306482697607803 1.452349544441776 1.7096022883000044 1.8253646699046304 1.8864489972980196 2.0554726767755973 2.097777343677886 2.1847814687444105 2.305643526234612 2.3714833596007123 
114 1.5444857234265312 0.5853316896752733 0.7224459754348914 0.9114182315310749 0.9983533394739872 1.0710520196171651 1.390057098176968 1.6663777239015414 1.7326705729154277 1.7944803860222256 1.9417533633731852 2.0483675940567445 2.1305158507246365 2.2945915185545394 2.33270721693089 
115 1.5289039571229568 0.570687109131265 0.7035952663906351 0.893435742682193 0.9887315050843001 1.0600230660648837 1.4039076977600289 1.6030718746210701 1.6954532676554996 1.746897750202188 1.9082538913614433 2.0149189186967598 2.1248095839380765 2.3197468513472566 2.3679312103067045 
116 1.4677046212090905 0.5342922256774562 0.6625183333050642 0.8249314460053994 0.9440903140671614 0.9936330320651667 1.344290839784279 1.5015412956987142 1.6149122100744702 1.6855575384780193 1.8284987771182368 1.972994684425876 2.0557961295209317 2.268142105768741 2.313339184023455 
117 1.4294664308215008 0.5188600703120173 0.6541277331599965 0.8164177364684726 0.9385150849721609 0.9904284316975878 1.2987948254063635 1.4442318149302655 1.5574147708751198 1.6406777431287036 1.7588590687229424 1.9395404976264734 1.9846662089692089 2.191696969262988 2.274453531257955 
118 1.385872338511659 0.48715330330911644 0.6445148421289836 0.7962385506171116 0.9186405392531029 0.9585921190249272 1.2391813964322242 1.406427892028915 1.5199539033981126 1.5823141098978883 1.7109676670073253 1.9073786857318629 1.8936613157252666 2.0926076659242896 2.2416327828353984 
119 1.3272044442804032 0.4577412216403032 0.6057953207645477 0.7680540489292711 0.8836829971277573 0.9126159169556802 1.209779232566797 1.3585568591155825 1.464122550130881 1.5122956608831766 1.6288870713966968 1.7818364317525759 1.8213620063480225 2.007780711420737 2.1637352988860035 
120 1.2734777400704922 0.4450355027571424 0.5849693856525402 0.7335875274160046 0.8678226860098992 0.871022655805986 1.1514251058587328 1.3030369932158754 1.3905283065045875 1.4551332660689267 1.5593110060320374 1.7117591689062917 1.7702881203644247 1.9268329534457698 2.0498845227280005 
121 1.2563187332862338 0.42282304909736745 0.5631361733605322 0.7008754211689365 0.8400627545815881 0.8445314930744454 1.1042471197245889 1.3008344772180687 1.3947208214487539 1.467887199252103 1.5692498112307904 1.7227190657710794 1.7644246179960794 1.8910397100417284 1.990823634886123 
122 1.2189398908264755 0.40365165402679337 0.5472462528025628 0.6795423247313639 0.8141675012921815 0.8190405407204782 1.0539460525883801 1.2359604372603543 1.3528411698624427 1.428537814954599 1.5408778808836536 1.6970091037126442 1.7095943584913178 1.8351152577075656 1.9384187017925971 
123 1.1827790828028093 0.3916495122991899 0.5377778811521424 0.6773021578048118 0.7934511798170285 0.8073664104297521 1.0017503567421957 1.1708338169911379 1.3166154363774327 1.3551367094784592 1.5233763027830274 1.6854173145567395 1.6743819025615303 1.753748874300478 1.8629765878387885 
124 1.1964233180275001 0.40171270954622823 0.5557784507325979 0.679668575225394 0.8118333942396864 0.8387340577133786 1.0380011823622717 1.191523074841581 1.3330935680444296 1.3563194175370192 1.5129525113227076 1.6750043122076648 1.6876354509900613 1.7791224878462426 1.8830709880737087 
125 1.2019567049806785 0.41165500239614455 0.5624334088218282 0.6914953848325703 0.8105755692054014 0.8249077312532549 1.0394161098388914 1.1952443113989795 1.3303213557714508 1.368397044351108 1.5142553482817165 1.6629011767463873 1.7076097393083802 1.7712201355540171 1.9317571030529204 
126 1.1812532270259106 0.39977721481678147 0.5569689767926213 0.6744150318398151 0.7864659019749966 0.8009926448606893 0.9996616909560072 1.147785798907127 1.2974100432865248 1.368678101627235 1.4809250884852876 1.6517051644257887 1.6782698239637326 1.7741388910761706 1.917748507026867 
127 1.1696862305247833 0.38957007814578776 0.5426162233240779 0.6532843223285071 0.7861709320574896 0.7937453198364646 0.9836491190701205 1.139995983516184 1.3098025756400786 1.358361668822918 1.4558444641421482 1.6591018651076836 1.6451289702675664 1.7562396499982866 1.8994521204358268 
128 1.132851544470107 0.3734567822259378 0.5276230081315023 0.6432147521689522 0.7464929244824611 0.7519697606145945 0.9621882873732254 1.1164507252673015 1.267669701356009 1.302023550112895 1.4211300209337412 1.6320584846556139 1.608729135997975 1.660233191029005 1.8419582423487977 
129 1.0880089968594406 0.36115908657443074 0.4935555122386256 0.6206074941620331 0.7165269466106104 0.713266268770842 0.937328020759608 1.0805636944938646 1.211915571375833 1.2421216383099392 1.3612683826093648 1.5638619228264674 1.5549777977700743 1.5791679038745035 1.7876435956409138 
130 1.0582605891934247 0.3449259910870872 0.46435345334324174 0.604477953190994 0.6967031401523832 0.7034864939837876 0.9362248617643152 1.0683066184362289 1.172855314017076 1.189405393925225 1.2995659482946516 1.512771032751166 1.517322483032044 1.5648971927732842 1.7307346522696145 
131 1.0762717356198994 0.3581888018370806 0.47947897286983 0.6116191589488239 0.7214910270058543 0.711073762966579 0.9479141010689139 1.071384709615136 1.1868377006154867 1.1990533893684525 1.2989828056652497 1.5248681018598567 1.5458356828309545 1.63553246332822 1.7663753667101347 
132 1.065376908430403 0.3561506040645231 0.47066475845143224 0.6010182828499905 0.7279178951109703 0.7121311547193792 0.9288010157597588 1.0359934265047777 1.1782698049256635 1.1903884857785025 1.2807625520110069 1.5084691409720703 1.5314841661223653 1.6342199032733586 1.750281895013197 
133 1.0488043340726088 0.36471181977827916 0.48743156204548993 0.6042049073777633 0.742666754417658 0.7080107681884502 0.9114707622720601 1.0055988357833712 1.1490042304640111 1.1872132842330683 1.29005894751993 1.4708208859080276 1.4724814284929073 1.5816566367365967 1.6966040515171854 
134 1.0530634467897158 0.36985439152426625 0.4795767371827425 0.6111072068900444 0.7524332577649978 0.7188645664670974 0.9120144486733517 1.0261166807009479 1.158385357637795 1.1840135007470904 1.305101399468186 1.4688637756427254 1.4675669831772549 1.5764042049734077 1.6967849664607155 
135 1.0318866992573488 0.3658869231473728 0.44983495802740847 0.5867187290359964 0.723040333921895 0.6922276788649274 0.8932841851894053 1.0037375990901292 1.1354204409337718 1.1588695686731654 1.2925664539063912 1.4468608203655935 1.4456089356179898 1.5526309972368364 1.6775577610067887 
136 1.0031234849870467 0.34795429391514293 0.4221265920138495 0.5681695847846829 0.6971521699412507 0.6705888561050837 0.8951208025962446 0.9970188043433725 1.0872009250718568 1.1574173230873026 1.2561088552195667 1.4093152539001 1.422494455640284 1.4826586140118376 1.6082304558258715 
137 0.9727257652395301 0.3355715904491639 0.4011678595594007 0.554435207951095 0.6709826242385194 0.6430663994982063 0.8529384518646361 0.967219128736628 1.049474884208058 1.135342009305465 1.230294216454438 1.328475535253351 1.3909480489674708 1.4517816907056296 1.5812758491124115 
138 0.932030726471655 0.31640467225957264 0.38157105649058115 0.5380287230962816 0.6420363107041835 0.6109158820063001 0.8054179506342563 0.9270246635601467 1.0010528835807635 1.083969792570218 1.1904839409201426 1.2879349954958257 1.3445456960945381 1.393230583679372 1.4993892230914037 
139 0.9093405305878436 0.3048077207911426 0.36934948360534625 0.5297757258877489 0.6175746551022836 0.5865848774774073 0.7806082813401869 0.8984317657214396 0.9895378620663965 1.0628461081271814 1.1596489620742783 1.2475012105072887 1.328548771251395 1.3640418276533508 1.4646344012483141 
140 0.8748903920975455 0.27902282691149005 0.3545571512621802 0.5005944939226438 0.5858166628579429 0.5584556474233647 0.7513411598663843 0.879796375467008 0.9593440826907808 1.0343984587596309 1.10624971486449 1.21080514261331 1.2720146927974467 1.3273004303317903 1.4062448303270287 
141 0.8205434785650277 0.25661820770358074 0.33406860120007814 0.46547537757149793 0.5481994071254374 0.5198595046513336 0.7154896395823364 0.8341002973788946 0.9053171036170121 0.9480993302261439 1.0380096004309307 1.12163480124008 1.1876356978711486 1.260486509049711 1.3311893897922393 
142 0.7420821045875883 0.22983373488558814 0.30325123768450096 0.42660478538244 0.49781202997409557 0.4727784637993042 0.6517838742692649 0.7519958337091798 0.8327713515824251 0.861379989883363 0.9388022808779478 1.00112890480979 1.0727289424441295 1.132661524600841 1.194254239880693 
143 0.6415915785750526 0.21075687536271448 0.2668610025738042 0.36075196073263166 0.42309737841608036 0.4029170909999304 0.5537196166641024 0.6370247430781739 0.7138639064050406 0.748390620125584 0.8241249745077655 0.8674615020099452 0.9398319732665632 0.9826235568258176 1.0359307049582553 
144 0.5602372842051543 0.18826937259080098 0.23763166285388854 0.3219347053529333 0.37793739147172234 0.35682314271819576 0.4804128268472741 0.5660511366686485 0.6213451962102671 0.6548906319564453 0.7206604147612629 0.7494940692025306 0.8083763551686668 0.8478772321248496 0.9000915596667438 
