# position global 1dels 2dels 3dels 4dels 5dels 10dels 15dels 20dels 25dels 30dels 35dels 40dels 45dels 50dels
151 0.0005775827946928551 0.03332752997325 0.01450467361325 -0.016939661163550005 0.0038408427240000124 0.013891279808999993 -0.003474013823025011 0.002632065806574996 -0.02343255501225001 -0.021873808492499994 -0.019654308319999994 0.00864834088225 -0.000530003907049994 0.006384547742250007 0.010761229293499998 
152 0.01935587344852322 0.024958098364500005 0.018573308909750005 0.0004384654328499966 0.008578513542124999 0.034145950102750004 0.0335891440115 0.024282433193749998 0.01094852070185 -0.008332862615749996 -0.008699910127275008 -0.0001951957795000041 0.045083787828625 0.0472722784955 0.040339696218649995 
153 0.013585228011042854 0.011807531710499997 0.009492657936999997 -0.021334061882800005 -0.010337757454499998 0.02146142279875 0.039136125349500006 0.012838455563750002 0.011537972975750009 0.0008117384007250017 -0.008872604707750004 -0.006988183574824994 0.0354431862635 0.055739884510999996 0.039456824264000004 
154 0.025272051721512503 0.0037903440970750014 0.00019241354482500838 -0.019191702716649998 -0.0002539221262500178 0.0171263475165 0.0523031744875 0.016677439129499993 0.02699351504405 0.034012882258499993 0.027225843317000002 0.02706730564275 0.03693288878 0.061039340823875014 0.06989285430250002 
155 0.007722752761628574 -0.0037715912092750052 -0.007776834990749998 -0.039055771303500006 -0.02610429718325 -0.01613692974574999 0.023465106327849997 0.006477604442999995 0.0017046888787500053 0.016956820887749996 0.023160893219375006 0.022927354344250018 0.0036907862253499958 0.043472196654499994 0.0591085121145 
156 0.005867090436517858 -0.001222991314199998 0.004964370952500002 -0.0404135306342 -0.025433025092425007 -0.029207370524575 0.0041070980057499986 -0.0034748742260000006 0.014481011582 0.01340410806274999 0.024566303014900003 0.024741251431149996 0.0007742652854500029 0.041496946677949995 0.053355702890199995 
157 0.0007546763185766088 0.0016192738589500023 -0.003330591290950002 -0.03517519776525001 -0.0329650471080025 -0.03446551048569999 -0.008925006836999998 -0.010759591890902491 0.004502485538200002 0.012182820740499999 0.0249683354489775 0.013933094524200005 -0.017576282614100006 0.03505012479915001 0.061506561541999995 
158 -0.0011669376708242842 -0.0014030517662574971 -0.015578870581302497 -0.0317372738608 -0.034091816231274996 -0.03326303478414999 -0.018599553842050007 -0.011159459446652496 -0.006247643182924996 0.014014925519274999 0.009976108134597489 0.012570135560750003 -0.00793275568799999 0.03829510239225 0.068820060385 
159 -0.012493008110397861 -0.011724347153844997 -0.02126340880857749 -0.03755654234392251 -0.05294982407374999 -0.044023503917024996 -0.024376963378224994 -0.02256073148949999 -0.022703872318525 0.0006265877087500051 0.0012485200528250093 0.007564979318374997 -0.012582419096924995 0.013359766227499993 0.05203964572727499 
160 -0.00778611003742714 -0.005854237002224997 -0.016068606935947492 -0.03360748474959751 -0.0485689503039975 -0.0460018517859775 -0.015891129062049994 -0.010967960514707494 -0.002824913374549986 -0.012492184480052498 0.009794680113750003 0.015420754696400005 -0.0067617360123 0.014898919783350003 0.049919159103925005 
161 0.006092499098041784 0.00959910634317 -0.0019167695256250075 -0.013432842249702499 -0.030658294466627496 -0.03666841575497501 -0.012802985495950004 -0.0029036243820525043 0.016327301928499998 0.007790628013150016 0.022397649482075007 0.029967805665225 0.008576468126147502 0.031799689079474995 0.057219270609775 
162 0.01249029412139036 -0.003681827923805004 -0.0187884812534 -0.018890540274295 -0.03496538461554749 -0.033846329131575 -0.0095402262282275 0.002782686111719997 0.018077111617297498 0.019068237455774992 0.034881819835500004 0.05797056210987499 0.0379251728020975 0.060499393749375005 0.063371923444675 
163 0.01233814266705482 -0.0016781639046724978 -0.014414140878552506 -0.013401212893122499 -0.030685668836250003 -0.027058384099272498 -0.004715647363152506 0.01670676734172249 0.0225722853319275 0.0230105217725225 0.018746236644400012 0.05676174685012251 0.03279883161822 0.0445721943221 0.04951863143277499 
164 0.013798283989157497 0.002970717974622495 -0.011251025409427498 0.0005987748865975027 -0.024831824130225007 -0.004979797366052499 0.008869836723500009 0.014607657091804999 0.013111226637199993 0.015771130519700003 0.010696800859250004 0.046501511738352506 0.021573233875702504 0.04552881230908 0.0540089201381 
165 0.016531539321245358 0.00047671161939999787 -0.012342921017955 -0.004220848275895001 -0.021103852275647497 -0.0056337444234000065 0.010178825250042494 0.012402789116879993 0.026171011740107487 0.0273983122383975 0.004948658163024997 0.0408732042196 0.048031800867897496 0.0427048597022075 0.061556743572775 
166 0.011502948676699286 -0.0005307859686750005 -0.021593715833475004 -0.015022781508997505 -0.015003159136222494 -0.009962511119172497 0.006122412305802497 0.011831355448475002 0.024145444104952504 0.022929615558449995 0.007460830939547496 0.027548090285600003 0.0453621987585275 0.0328949555896275 0.044859332049350005 
167 0.004448236568537144 -0.004572831624604996 -0.012611344266947497 -0.010967026942604995 -0.009963566911872498 -0.0008894358510724976 -0.010563728369452503 -0.010914241434977497 0.011737337397775004 0.004459891036152491 0.009276391495647502 0.012900020294775001 0.0272630603921025 0.0161105633514 0.041010223393200006 
168 0.00224704308196482 -0.0171768793615375 -0.0157327422080925 -0.0258450926308725 -0.01624336487269001 -0.008447694753902496 -0.019389031346929993 -0.0276424937099825 0.009192568711124999 0.005462712579847494 0.016037690857697497 0.021781165895100003 0.041345970061225 0.01869157727367 0.04942421665285 
169 0.004137661479695713 -0.011422973774729998 -0.017093335187847496 -0.024069250360777502 -0.0246903117618775 -0.007175795479522501 -0.0230005189884775 -0.023778211545329993 0.016490092355752495 0.00034492644222749644 0.025739006724424997 0.029337267146475 0.04207911829877249 0.02436937001510001 0.05079787683155 
170 0.00999423371828071 -0.0042937856706925 -0.009828037549615 -0.023198627381467496 -0.024297386284350006 0.0014445570873800025 -0.0209352137781525 -0.029001293088475 0.02375897404097251 0.017527791516954997 0.03040908519379749 0.03489988861195 0.050133058806999996 0.033601042060625 0.059699218490002495 
171 0.014978193042289645 -0.0031770616559975 -0.0039781749745949994 -0.0223171558083975 -0.020872574304527502 0.00041038870765249766 -0.013411699066974996 -0.029468955232927488 0.022031020583232495 0.023204110805075 0.045571568234297505 0.05051619769124748 0.05934418252576999 0.04581757872152499 0.056025276366675016 
172 0.009036844071397855 -0.0022228993758700035 -0.0015311531750649974 -0.015559823125617501 -0.01398608458925001 0.002164150177134992 -0.022682048890100004 -0.03966833812188 0.016637064041422497 0.014453896109747509 0.028737128325922495 0.0314547424725 0.04886275729716999 0.031461800306047505 0.0483946255474075 
173 0.01597130281022018 -0.0010723413967025 0.0081134711744375 -0.003472126341319999 -0.005345961075949994 0.008618305854647504 -0.005957301961847506 -0.025674934974157505 0.0235373132858725 0.025530533565577506 0.031263680170457504 0.0335183959179975 0.043349470116925005 0.030194135744492496 0.0609955992626525 
174 0.012169824857584284 0.001963495621182499 0.00012221174230999844 -0.007682795266674997 -0.009106069617290002 0.014876625116042501 0.005316959157817499 -0.021056715095110003 0.02435530873687499 0.031847451259540006 0.0260886089684475 0.007432491560319999 0.0301911235044225 0.02611922160375 0.0399096307145475 
175 0.011095724257324285 0.0012184909919124962 -0.00028543741091000154 -0.002943486302554996 -0.003488159023185002 0.017137696775112503 0.007320292604522489 -0.018101644272630005 0.02813895915134499 0.028690286528297502 0.031929651075445 0.0005506956651400028 0.01958404867799751 0.019450504643022497 0.02613824049902499 
176 0.015394781181035001 0.001953188781834998 0.0006398120042324966 0.0036717840561474972 -0.0035493621967249995 0.012164900665720004 0.012127942276167494 -0.007310258939627498 0.0292611781824425 0.036373447664527506 0.037673510820825 0.00993237800072 0.024760776346297492 0.026263399762849998 0.031564239109077505 
177 0.023078095539070354 0.005541722499712498 0.0113439557910625 0.015463764102945003 0.0027098974869649997 0.02086510035497 0.014209589467737498 0.013501673752169999 0.033577672163225006 0.053911125374599994 0.046154714645619994 0.015748869539872493 0.02286238928823 0.028927974570347494 0.0382748885095275 
178 0.022609769961865714 0.00857386547366 0.010245918071830002 0.013816011586994999 0.003800785224030003 0.014056278136372499 0.0038910943205974994 0.018159829349099998 0.023687381856230004 0.052039090557027504 0.048901318243680006 0.010117448893370008 0.0300056411034275 0.03562654303570001 0.0436155736141 
179 0.021404941858242328 0.0095890792093 0.015489021945815 0.0210586971908325 0.008776039681570006 0.014073203974395005 -0.0031738281264275018 0.017178356978132497 0.028513663641757503 0.05805982170277751 0.03985957286497751 0.004693928502582504 0.02385508123838249 0.030217129445374993 0.031479417765922495 
180 0.016842397905171246 0.011989445593394998 0.0150552753602975 0.016897186801540003 0.006209570628582501 0.013699948023809999 0.0001344026284525013 0.012440234674837495 0.021466453854775004 0.0480465644841925 0.0340291029619025 -0.0002685857701175083 0.0137127078876825 0.017035753885100008 0.025345509657947504 
181 0.01584068378605625 0.014923576160872499 0.018381510499087504 0.014500023882869997 0.0043359079634 0.012434448149089998 0.005380413797422502 0.008707469959760001 0.016565477500649992 0.0496928746211925 0.025756269193779994 0.0036516673369225016 0.018443406652947497 0.011888224923319994 0.017108302363472508 
182 0.008505081573297674 0.01505604553092 0.008392363066865003 0.005009769461412497 0.0009710874276750002 -0.004060413357945001 0.004439588078444997 0.0035225737571074954 -0.0011880821397624954 0.03978358180131499 0.015159241241017496 -0.0005257406878224984 0.018164969129820005 0.00048058634131749756 0.013865572375802498 
183 -0.0008113843582801765 0.008020428573870003 0.0010221835161600022 -0.008047785725267499 -0.007876851387337503 -0.006488260138732498 -0.0035960499626325015 -0.013079005662105 -0.010526240222242498 0.023004614826167502 0.0004710701167524993 -0.008690417314450003 0.007097822431767504 -0.004462098843052506 0.011791208775180003 
184 0.0037225564163628592 0.0033936879546424973 0.005137621808800004 -0.006097618568847501 -0.008197277076175001 -0.00637563265371 0.011337049944292502 -0.008852178280019996 -0.0038583898377150022 0.0280283119964725 0.014538147379747502 0.003830459336919999 0.01001780629504501 -0.0014546465232975 0.010668448052924993 
185 0.005948369046542859 0.0003619777924549981 0.010893797374495 -0.0021112520598075024 -0.0044251888384349986 0.003606012626660004 0.010819057065985002 -0.013679496013632499 -0.0038233143348050014 0.03178096604586749 0.0182222672087125 0.008970085364642501 0.010761833445969994 -0.0030782172713300026 0.014978638244822495 
186 0.003431406843726963 -0.0005458803851099993 0.006403427371747502 -0.0014285754167150016 -0.014177076292197497 -0.0006552242175075023 -0.0014816326642300012 -0.0178387613663225 -0.005995924874765001 0.025448587127722504 0.011081177561750005 0.0123540157710925 0.01134098975573 0.0031940313932725005 0.02034054204771 
187 0.005247826515959107 0.005071268706407501 0.0129357485256325 0.0017961933211574977 -0.009428314203205002 -0.0034715170366224975 0.0006806530680674996 -0.01890050384018499 -0.008856389535165002 0.016975550787042503 0.0107446626989525 0.0142493620822475 0.0087329642890025 0.012178579245322493 0.0307613131147725 
188 -0.008271618620571965 -0.0014039565741875055 0.0015694510106450022 -0.012785863958234998 -0.016630128080680002 -0.013894464926812495 -0.018660514344067503 -0.03392616365643251 -0.015276804863712502 -0.0003452717840750026 -0.0035111519945950037 -0.009379400046885002 -0.001379556295895 -0.006615368551975 0.016436533378899998 
189 -0.012028273328375538 -0.0036525769875125 -0.002037347456527501 -0.016412558305322504 -0.014515680370447499 -0.014289953463260001 -0.02041667249125 -0.039766994219369994 -0.019119153576312505 0.0022043267676674994 -0.008853217734032491 -0.020635743016975006 -0.011079995022472495 -0.011120450221905004 0.011300189500462502 
190 -0.010189954857151783 0.0027460761598149994 0.003921304173707498 -0.011348206879027498 -0.006882383577554999 -0.010348818001885002 -0.018850868467689994 -0.04262413760023 -0.019184378400925003 0.0024468043384600013 -0.00822379295608 -0.01923564934459 -0.016940569662520007 -0.005138294597230005 0.007003546815624992 
191 -0.0041161811101076765 0.0011073550236950017 0.005781184504529999 -0.0049366503440350035 -0.0058309541242875 -0.0052118413138625 -0.010671488676814998 -0.030134402190455004 -0.011418828202944998 0.0023224494590374984 -0.005115449329705001 -0.010794603957972502 -0.0017276495964100073 0.008111608288547501 0.010892734919170003 
192 0.0004206896986869642 0.0069740659767350026 0.007820966405579999 -4.66072202724952e-05 -0.002560203418169998 0.0046680875630325 -0.012033323107110003 -0.024305446447410003 -0.0133657013863575 0.0034133792406275034 -0.005203597862074998 -0.006988674434174996 0.011176597989835004 0.018667476913362496 0.017672635568014995 
193 0.0017040152016725004 0.001313960163137499 0.006633417812700001 0.0011503737079850023 -0.0014005469278425022 0.004675762137139999 -0.008085691782845007 -0.0166721435797825 -0.005438624299854999 0.0037723321936549994 -0.007276452688874997 -0.003884505470815 0.011917428485245001 0.025610814437205007 0.011540088636362503 
194 0.010371018791828035 0.0019882858988725023 0.005612310115050001 0.0057385481620575015 0.010160708749175 0.009612718124227499 0.0055689027826975 -0.0073810481779825 0.004146335351264995 0.012944230236307497 0.0013438165360249918 0.021222218916830002 0.011138115297522492 0.03732606724303 0.025773053850515 
195 0.018555780527841965 0.0035845073567774993 0.004942700633040002 0.0142496864506675 0.0194770072594825 0.014157081658517503 0.0214768663675175 -0.008842484931177503 0.006403929934882499 0.023163319020697497 0.015530831120352504 0.03416109334530999 0.02069426453147 0.054442057403405006 0.03634006723884501 
196 0.008302911513464292 0.0032138488942000014 -0.002243548259840001 0.006255004007074996 0.010883921703704998 0.00751528885426 0.0144944859895975 -0.016938382958337498 -0.008583310422202504 0.004379917290525004 0.0019447759902075 0.016225059056252496 0.014029210461935001 0.0428422742280275 0.022222216353094994 
197 0.012412640527147675 0.00048757874623500365 -0.0030781914702750005 0.003654158780624998 0.014868097442660001 0.009991093010305001 0.024125853856474998 -0.011796244926577498 0.0016542009711374987 0.008070847074870002 0.009061361943817502 0.0229990158399375 0.023680167490072502 0.04315161687378249 0.026907411747002497 
198 0.012876994108624825 -0.0022197154108624987 -0.0045998830766750005 0.006999683460349999 0.013573587404210004 0.011741765325127496 0.0269909055614475 -0.011214519249554997 -0.0023944530748425024 0.009997048290632499 0.007737454986209997 0.02672101683344251 0.0184647007018725 0.042201337721230005 0.03627898804816 
199 0.020360917991263397 0.0020125313830525 0.0018915187727175002 0.012658706267587498 0.015993441933139996 0.0156331426009075 0.03428139264367751 0.002761213179894999 0.005450490823785003 0.027783280971217503 0.014096410323054996 0.029135944244894997 0.022813407604507493 0.054992441510227495 0.0455489296190225 
200 0.018574623828571783 -0.003787474298025 -0.006483463104114998 0.005310784695532503 0.007216747094472499 0.008350998921975002 0.0312379743272825 0.002802772850322499 0.0084274944570375 0.030448011375500003 0.02417121999330751 0.03209529798764751 0.023057529317077503 0.052588605616062496 0.04460823436592751 
201 0.015517905266235353 -0.0044553191738725 -0.009781444784467496 0.005063208400095002 0.003032770110802503 0.0019393856122750012 0.029490042990704998 0.002246348798232502 -0.001120425461772502 0.020696425022745005 0.020545524325520002 0.025947333001367503 0.020813959877355005 0.0588592943678525 0.0439735706404575 
202 0.015703597966148567 -0.003406461885009998 -0.008504248348917505 0.003751436470319998 -0.0021977547211250005 0.002826693103624999 0.0318064372784825 -0.0017734116362050046 -0.004072045243337506 0.016020248027334996 0.02079762131454 0.0295921889952775 0.027277967087385002 0.064514774405075 0.043216926678635 
203 0.010891152664285893 -0.005468429272785001 -0.01537343716807 -0.00783925775154 -0.007308720995872502 -0.008356101135539997 0.027366552922652495 -0.0043490580589200046 -6.262077318500304e-05 0.019585154717944996 0.023718605291692493 0.020764155739207504 0.017232158059519997 0.055229226824915004 0.03733790889998251 
204 0.018436455166119647 -0.003454801523577503 -0.008190322928935 -0.0025435935577225034 0.0008041410880575004 -0.00136307492118 0.0325085571443725 0.003906083104074998 0.0079199150629625 0.028934735975679998 0.029304959830077484 0.032417723289227506 0.0238413708806775 0.06784824360627001 0.04617643527568999 
205 0.019213552047336428 -0.0027120306973125 -0.0031429825870974994 -0.0013931144217924985 0.007969234704104999 0.009262518291157495 0.0360450435229275 0.008911229717297502 0.007848131351030003 0.03200283832826499 0.027575465349215 0.028841713038752503 0.019600568350614987 0.05835123787142 0.0398298758441275 
206 0.01947053879622643 -0.0035792083171925005 -0.00031479903210999716 0.002711805195540002 0.010375570927374999 0.0120839796871725 0.0254325996332325 0.0018714399931024986 0.007626547645542504 0.030983045396914995 0.028689855538527504 0.035332180338975006 0.017174148027917505 0.06909450491581749 0.035105873196355004 
207 0.013056798428941432 -0.0029239868758649994 -0.006269522835787496 0.004221068209642498 0.00773840773507 0.011595199394297498 0.015534548456805002 -0.001049381444407497 -0.003530259780085002 0.022543697987424997 0.016416265178897504 0.027291299633994997 0.008767543979145004 0.05794868596999 0.024511612396057505 
208 0.008335122139186775 -0.0068182470772174975 -0.012078768807229997 -0.004714707223687499 -0.002143315937122498 0.006671775974299999 0.011022435077429999 -0.0034111761741725016 -0.0036814228778775018 0.015287342794945 0.014360761020487504 0.02645874735884499 0.0008292160891874971 0.052400310664220004 0.0225087590665075 
209 0.009307114009754643 -0.004886253738885001 -0.004470887981940004 0.0025356871636600005 0.003704054759765005 0.008964827706957492 0.006713850574912503 -0.009206608885322504 -0.006979079307342502 0.009390856982502504 0.014547303969829997 0.03298289563542 0.008490685924405003 0.0419735468164725 0.026538716516129993 
210 0.01575323252172446 0.000960263906949999 -8.145376581249941e-05 0.008022815662820005 0.018661877799629998 0.021469124688537497 0.013083399642525001 -0.0008898906122899959 0.004840701421797509 0.021939031512575 0.019154210158267494 0.0306972220724475 0.012323452310150003 0.03508672791690749 0.0352777725896375 
211 0.013103817902068752 -0.0008744552481100012 0.000394148530709999 0.009616935550657499 0.0162224006361325 0.020076119861825 0.010766592942495 -0.009549221206525002 0.002029413036822499 0.020706770714035004 0.010969551282074995 0.030571714796502506 0.0132551830497 0.028190324782590002 0.0310779719000525 
212 0.007589116877121433 -0.004861596913892502 -0.0007789360115500004 -0.0011915990061599996 0.004798276093422495 0.009117792739120001 0.0079733058614875 -0.013392427561377507 -0.00013926112099250343 0.017650588851694998 0.0030708613962849986 0.02333061185674 0.013681456055405002 0.0295706877218675 0.01741787631765001 
213 0.009957818232648751 -0.0027143878522125006 0.003343099043807501 0.0021058362754724992 -0.003138588985227499 0.004700921007902501 0.006754356523172501 -0.011488758929174999 0.0015956260068524962 0.022911505158860004 0.010194659018350004 0.026312024783977508 0.024748841536759998 0.03325534181423999 0.0208289798543025 
214 0.010593572169425892 0.0014612903519474988 0.0024237579905349994 0.00039159633266750137 -0.0008211184153424986 0.0024072801518750016 0.005513663980397501 -0.007396863406154999 -0.0024605106105774982 0.026684559829365 0.0157894618226275 0.02396687345306499 0.021788998841187505 0.0370334044667275 0.021527615583642495 
215 0.015227983895835719 0.005308789031977501 0.0082834265558425 0.004505064119885 0.007521996323210002 0.007981022962822496 0.0125436589809025 0.0028726489887499983 -0.0006695053552950036 0.028775826283752495 0.02180583351152 0.026693088002002496 0.023215726049047498 0.0386217799074025 0.02573241917987999 
216 0.01460433801872982 -0.0019538872146950014 0.0020741113708749987 -0.0015261061758875033 0.005046518917009999 0.003934259814469995 0.011516235195754995 0.007367811666352504 0.0007292848954549976 0.033896144229657504 0.0184826763928525 0.030339245281215 0.026028306088335 0.038053833430285 0.030472298370537502 
217 0.007579588146600537 -0.0038582992853999974 -0.004625184853287499 -0.008495731935765001 0.0021521503070725005 0.0013756244883050028 0.007180319699492501 -0.00031341623295499943 0.0003678151151200009 0.028304202336979997 0.004769618853344995 0.02464814891143 0.010316385959072503 0.023191295569572494 0.021101305119425 
218 -0.0011875193055735716 -0.0038323953520374987 -0.007980194466214998 -0.015125225613822499 0.0016596233208100014 -0.004617732427874998 0.0030066975179049975 -0.011680472871567503 -0.0096869389798375 0.017251125177664996 -0.0005029938319524998 0.017416861050337493 -0.007342029175772499 0.0052924765456425 -0.0004840711713099939 
219 -0.0016492383215351784 -0.0044553944561875 -0.007582035327765001 -0.019019295072834997 0.0003061000011825019 -0.0012925398318199964 -0.0013508980429074943 -0.0158372219872125 -0.017104500922424996 0.012882275273559998 0.003577691801014993 0.019972265104827507 -0.002881832674170001 0.009707293858370004 -1.1244225125002671e-05 
220 -0.0002266902626362471 -0.0024139352728674997 -0.0017722288110224981 -0.017508924863602504 0.0018112840233099998 0.0016389839065124993 -0.002349645060499998 -0.015121808252780002 -0.0190408410626725 0.0197522391895825 0.008108410145845001 0.015019857788099998 0.0039191117020074984 0.005444585553682496 -0.0006607526625024978 
221 0.0030144212966137503 -0.0038469429529125005 -0.00023230714171500243 -0.007960974778977498 0.003732966031712499 0.00025240819404250025 0.005142843594079996 -0.010537931906194994 -0.009376182104290002 0.027043214142567492 0.016390161042290005 0.014682354026192501 0.008011633929277505 0.002029973243679998 -0.003129317167159991 
222 0.00524830834870393 -0.001969517200955 -0.0006794603130299959 -0.012215573289590002 -0.003013482844982505 -0.0015274444584350002 0.009316991276785001 -0.005198114703675001 -0.0010156928907625042 0.027620203326322496 0.019039894842274998 0.016579786552165004 0.01623274596777 0.00804201757411 0.0022639630438575013 
223 0.006155123317180893 -0.005242856056760003 -0.0034048579442674987 -0.015746313334415004 -0.005657108467725002 -0.0036362941827900014 0.011873249843277506 0.004015541234390002 -0.0003364719179325002 0.0269740977927075 0.014505203811975 0.018992971676675 0.017320483964457498 0.0169623372181125 0.009551742802827501 
224 0.0008842491219033945 -0.007998854391657498 -0.00200243061622 -0.019043987682635006 -0.0085945880688225 -0.0013641015411325012 0.008598560188460003 -0.0016183295249150014 -0.007516894800387501 0.01079870985023249 0.003607939287742502 0.016120670118477502 0.0083831117786775 0.00715700458187749 0.0058526785269500045 
225 0.0003276582977433914 -0.009249578110360004 -0.00605321152866 -0.014629709933840001 -0.009994220361312497 0.0024812592026425043 0.012807730169387497 -0.0024124199052325004 -0.0100281991252025 0.009627015967187496 0.003013860197752499 0.013592268522879999 0.006165111787812503 0.007629124573722491 0.0016381847116300019 
226 -0.001762421265092319 -0.010259425998045002 -0.009720835845467502 -0.017276062659085 -0.015234531000084999 -0.002711955563887497 0.008183529679452503 -0.007385992735514997 -0.012611363775719997 0.0072361354261174975 0.0021120628542025052 0.014878965995495003 0.004708864706527496 0.011702031730647502 0.0017046794740700015 
227 0.005825959485412144 -0.009173420331264998 -0.008253470996759998 -0.013891270711692503 -0.012463557305717497 0.0035738672874575023 0.017581093047442497 0.0026546995875225024 0.00028500937058749897 0.015655722239080006 0.011797092045422496 0.025996921759190002 0.011131723291217505 0.023699455963045003 0.012969567550239997 
228 0.009943279538368748 -0.005740450874027501 -0.002675125577624999 -0.010550531231502498 -0.009791889152794997 0.007280648933909999 0.0231872707419 0.0028505826740575007 0.008081747648510003 0.015372986536652502 0.020028342594069996 0.03284257588983 0.012957514606909993 0.030193810156299995 0.015168430590972498 
229 0.01658242187111678 -0.0015583131492524999 0.0009812913215250015 -0.010114100275399999 -0.00746136238669 0.011893807722007502 0.026800171166890003 0.011169935978564997 0.012167998648845 0.0213377040404975 0.0298631492107 0.03347259291832751 0.0264304473257025 0.048278944046025 0.028891639627892495 
230 0.02031371220586661 0.004665330176225 0.001917622970017499 -0.007854199438977501 -0.004616107241285001 0.011323179008732498 0.027568013241935 0.011872811307994996 0.018602056458627503 0.02571782316577 0.028632679639 0.0410716164533325 0.033229458989597505 0.054642391449624995 0.0376192947015375 
231 0.02288519998057464 0.00272448943499 0.0026983854186275018 -0.0030555526905649993 -0.0015703585988174984 0.011366480060194998 0.0291781060513925 0.014267384940054998 0.024733811560875004 0.0248940182068525 0.030534330827480003 0.0423392440415475 0.0387638298794425 0.058876727704282504 0.0446419028916875 
232 0.025275050941871248 0.0033676461076074995 0.0070612544187324995 -0.0024162999648549965 -0.0026863230527649985 0.013046908077295005 0.021024127167855004 0.0072591384018725 0.026087241925262496 0.028882543356779998 0.038659775677487504 0.050126891453457494 0.0449292850208725 0.06686082565070751 0.0516476989458875 
233 0.022064829658970893 -2.2107267459998248e-05 0.0019460319327400013 -0.0089451877524325 -0.006634403661 0.0078078992569199975 0.012787481201072502 0.0005301401079049998 0.0209840604219325 0.025036273105949997 0.037680175891955 0.05373840846213251 0.043196744370264994 0.066709642340415 0.054092456815197504 
234 0.02479295346904125 0.00029447882920750066 -0.0009979678354475024 -0.009470058501745 -0.003292907198660002 0.0073576405197824995 0.014957301270055 0.010472276279535002 0.021026861027517493 0.0236255640210275 0.03803755571571 0.05936517706265 0.05025200962043751 0.0723922490187275 0.06308116873778001 
235 0.019310689116656964 0.0024248330043174977 -0.004226783356347498 -0.008557702490315 -0.005490149778172502 0.0029197699564849984 0.0100422529243075 0.007523046446155 0.01718156885904 0.013155260313027498 0.029942059177865 0.0526478418004575 0.04224212075247501 0.0571549119332225 0.05339061809067999 
236 0.013528177447311782 0.0044216998665650015 -0.0029665757349075 -0.006914011691700002 -0.0059846323614075 -0.00010820446146749774 0.007899172623972502 0.006964412470075002 0.006062659157920003 0.013620399660689998 0.016108207101985003 0.040384972051695 0.0304879290082125 0.04102369328185 0.03839476328888249 
237 0.011652083184987682 0.0014244318370250015 -0.006176906321060003 -0.011775216142257499 -0.006369964554567501 0.0006611466590499955 0.009167683217475 0.0023867314373149967 0.003429823293817496 0.013831840557072499 0.0073663329656350075 0.0373637019808675 0.030315794511779997 0.037328691711027505 0.0441750734366475 
238 0.010258234138229287 -0.002297711808974997 -0.010733942913075003 -0.013210154639589997 -0.0045699549886175 -0.005139062320844998 0.0026521433817124967 -0.0016087539794474974 0.0024677907546699985 0.006590479109502499 0.0049645999817874995 0.03818943591385 0.0385251247410925 0.041169101690387504 0.0466161830127575 
239 0.007884119877711966 -0.002784278336532498 -0.010382395322562498 -0.0103667742021125 0.000598663795460002 -0.0022083670497349975 -0.0009799115831799988 -0.0027163656423424996 -0.00072279792988 -0.001012602574969999 -0.003221181865912499 0.028640836858677497 0.035847013903149996 0.034545897529515 0.0451399407083925 
240 0.006907374679746073 -0.0009773736356399998 -0.00920750620687 -0.007318457435155001 0.0031139432370150006 -0.0014855423579100027 0.002162487557615002 -0.0026684953695850036 0.0008779609265774995 -0.0007700696999449987 -0.007644759985415 0.016623033111275 0.030151295396795008 0.029234058429469998 0.04461267154821749 
241 0.005250070447868034 -0.0010823374481375013 -0.009702188872852499 -0.0051552816028075 -0.0018568758298549994 -0.0022729683026549985 -0.004220948245817498 -0.0053474320494225 1.7558718554998353e-05 0.0025949946921799997 -0.005625351941807502 0.011532556363905001 0.029131213536892495 0.025967305660332504 0.0395207415916425 
242 0.001651776758451429 -0.002902155758664999 -0.013339728128002501 -0.01191199124938 -0.005257444596039997 -0.009182788438969997 -0.007350808872127498 -0.010490550634265003 -0.002499479807415 0.00028085387088249813 -0.006064490505220004 0.0095187915976575 0.024980613205977498 0.020674286967129994 0.0366697669667575 
243 0.00042904161174875074 -0.0014956869059074994 -0.0128799986055675 -0.013330805705844998 -0.010100262638949998 -0.010420241016895 -0.009422478870614998 -0.00983604109558 -0.006790580880627505 -0.001843212491900001 -0.0056240073315149955 0.010495823119185 0.024684561993070005 0.020383831322552504 0.0321856816730775 
244 0.001445660194325536 0.0002205221845724994 -0.010484633632175002 -0.013653824936547503 -0.011463312700065 -0.009780851105382498 -0.010090022198742499 -0.007242579608194999 -0.001839886037349996 0.001728262609545002 -0.0030401165160400005 0.011457193509607498 0.026429572465712495 0.017906768485609993 0.0300921502000075 
